#Parameters = {Cylinder_radius=2610; Pe=30; Wp=7.5; Ws=300; a=22.86; a1=47; b=10.16; b1=37; copper=0.0035; distance=230.7655; focal=210; h=0.762; lam=20; radius=0; t=0.2}
#"Theta / deg"	"Directivity,Phi=90"
#----------------------------------
-180.00000000000	-3.5383923498050
-179.00000000000	-3.2768644245657
-178.00000000000	-3.4057819567912
-177.00000000000	-3.8265423320226
-176.00000000000	-4.3209847200933
-175.00000000000	-4.5016662178175
-174.00000000000	-4.0218623715809
-173.00000000000	-2.9699747236200
-172.00000000000	-1.7630578960040
-171.00000000000	-0.74875017863912
-170.00000000000	-0.10777917378016
-169.00000000000	0.076941036919097
-168.00000000000	-0.23223789070133
-167.00000000000	-1.0244938300929
-166.00000000000	-2.1574856961287
-165.00000000000	-3.1685723065390
-164.00000000000	-3.3321218812651
-163.00000000000	-2.5550014934354
-162.00000000000	-1.5405476168963
-161.00000000000	-0.83879220987553
-160.00000000000	-0.63405559603906
-159.00000000000	-0.92188179118225
-158.00000000000	-1.5869157789585
-157.00000000000	-2.4037154614150
-156.00000000000	-3.0933854099928
-155.00000000000	-3.5380483770264
-154.00000000000	-3.9356187688698
-153.00000000000	-4.6502987398151
-152.00000000000	-6.0369077383219
-151.00000000000	-8.4294801292583
-150.00000000000	-11.923516314557
-149.00000000000	-13.835633232877
-148.00000000000	-11.132235657397
-147.00000000000	-8.4427907869313
-146.00000000000	-6.9945258039213
-145.00000000000	-6.5162171033216
-144.00000000000	-6.5489634662513
-143.00000000000	-6.4255737718834
-142.00000000000	-5.6616619379358
-141.00000000000	-4.5333521676678
-140.00000000000	-3.6095164119114
-139.00000000000	-3.1934381110470
-138.00000000000	-3.3218446628426
-137.00000000000	-3.8109651463942
-136.00000000000	-4.2342440705472
-135.00000000000	-4.1561578304963
-134.00000000000	-3.6653483597541
-133.00000000000	-3.2701517632205
-132.00000000000	-3.3659708425126
-131.00000000000	-4.0817691434261
-130.00000000000	-5.2292043502695
-129.00000000000	-6.1388850330705
-128.00000000000	-6.1257051227145
-127.00000000000	-5.6182745589628
-126.00000000000	-5.5164157726926
-125.00000000000	-6.3175748936824
-124.00000000000	-8.1789379559271
-123.00000000000	-10.587818180380
-122.00000000000	-11.245325028179
-121.00000000000	-9.7743678961693
-120.00000000000	-8.7520804476177
-119.00000000000	-9.1696331495206
-118.00000000000	-11.410047041507
-117.00000000000	-15.568899747857
-116.00000000000	-15.849141641976
-115.00000000000	-11.856377225834
-114.00000000000	-9.8392321703897
-113.00000000000	-9.9448843578876
-112.00000000000	-12.154169892468
-111.00000000000	-15.276168444029
-110.00000000000	-12.754401749266
-109.00000000000	-8.9739888413121
-108.00000000000	-7.0976160471248
-107.00000000000	-6.9452416457296
-106.00000000000	-8.3970089418189
-105.00000000000	-11.128042526434
-104.00000000000	-12.315584441483
-103.00000000000	-10.174178929236
-102.00000000000	-8.5713144811571
-101.00000000000	-8.7721248330704
-100.00000000000	-11.273129731608
-99.000000000000	-17.973291235118
-98.000000000000	-20.994656766190
-97.000000000000	-13.043112894694
-96.000000000000	-10.316746994822
-95.000000000000	-10.035827628520
-94.000000000000	-10.774880764816
-93.000000000000	-10.044333166537
-92.000000000000	-7.6230672524742
-91.000000000000	-5.7049670944397
-90.000000000000	-5.0144709259451
-89.000000000000	-5.6212554202109
-88.000000000000	-7.4612006860098
-87.000000000000	-9.8792603118805
-86.000000000000	-10.750728705195
-85.000000000000	-10.048784288493
-84.000000000000	-10.254319483848
-83.000000000000	-12.837355302115
-82.000000000000	-20.572002168883
-81.000000000000	-18.576730387576
-80.000000000000	-11.443357329018
-79.000000000000	-8.7737913393512
-78.000000000000	-8.4458882598913
-77.000000000000	-9.9328337710114
-76.000000000000	-12.125970022956
-75.000000000000	-11.236252184186
-74.000000000000	-8.5083711286566
-73.000000000000	-6.9632501332428
-72.000000000000	-7.0087208516796
-71.000000000000	-8.7566510075646
-70.000000000000	-12.401493156928
-69.000000000000	-15.250289013297
-68.000000000000	-12.322647953839
-67.000000000000	-9.9869151669012
-66.000000000000	-9.7418500002920
-65.000000000000	-11.592130488107
-64.000000000000	-15.425523953080
-63.000000000000	-15.562896458903
-62.000000000000	-11.433907237625
-61.000000000000	-9.0753726591007
-60.000000000000	-8.5295615162805
-59.000000000000	-9.4155658963338
-58.000000000000	-10.839296270622
-57.000000000000	-10.393548939643
-56.000000000000	-8.0978227723304
-55.000000000000	-6.2065223292419
-54.000000000000	-5.3367794930517
-53.000000000000	-5.3666564907683
-52.000000000000	-5.8332221270533
-51.000000000000	-5.8777165876251
-50.000000000000	-5.0215642808722
-49.000000000000	-3.8756430519541
-48.000000000000	-3.1172630627723
-47.000000000000	-2.9596489260802
-46.000000000000	-3.2954597086612
-45.000000000000	-3.7574079611819
-44.000000000000	-3.8499219660571
-43.000000000000	-3.4429623588948
-42.000000000000	-2.9306292159054
-41.000000000000	-2.7387785312612
-40.000000000000	-3.0623874422459
-39.000000000000	-3.8777189430667
-38.000000000000	-4.9122966060783
-37.000000000000	-5.6452278408889
-36.000000000000	-5.7788971235405
-35.000000000000	-5.7055828399124
-34.000000000000	-6.0424152961824
-33.000000000000	-7.2138215342480
-32.000000000000	-9.4474434813591
-31.000000000000	-12.084220297583
-30.000000000000	-11.577086936713
-29.000000000000	-8.5072140288976
-28.000000000000	-6.0437761766461
-27.000000000000	-4.5370944816132
-26.000000000000	-3.7328701650769
-25.000000000000	-3.3072451233912
-24.000000000000	-2.9059511934420
-23.000000000000	-2.2891973006145
-22.000000000000	-1.5099235505090
-21.000000000000	-0.82392010528879
-20.000000000000	-0.46928525311491
-19.000000000000	-0.57997607230678
-18.000000000000	-1.1825242017640
-17.000000000000	-2.1422199346460
-16.000000000000	-3.0054394212062
-15.000000000000	-3.0709780492660
-14.000000000000	-2.2240273752819
-13.000000000000	-1.1119155349503
-12.000000000000	-0.26374099244632
-11.000000000000	0.12753929871519
-10.000000000000	0.029959144144386
-9.0000000000000	-0.52961230605368
-8.0000000000000	-1.4817048048624
-7.0000000000000	-2.6714819752594
-6.0000000000000	-3.7845479280230
-5.0000000000000	-4.3904265249467
-4.0000000000000	-4.3092810068883
-3.0000000000000	-3.8328036256406
-2.0000000000000	-3.3708593671102
-1.0000000000000	-3.1735312880408
0.0000000000000	-3.3550065962387
1.0000000000000	-3.9759766406055
2.0000000000000	-5.0943778519629
3.0000000000000	-6.7698791447283
4.0000000000000	-8.8699581561157
5.0000000000000	-10.107805261586
6.0000000000000	-8.4393159459431
7.0000000000000	-5.4712321715818
8.0000000000000	-2.9673594078180
9.0000000000000	-1.2620688842405
10.000000000000	-0.38417826339283
11.000000000000	-0.40034913711731
12.000000000000	-1.5244972103944
13.000000000000	-4.3519293653997
14.000000000000	-10.942344462943
15.000000000000	-12.965381578152
16.000000000000	-4.0508382934143
17.000000000000	0.18417015097564
18.000000000000	2.4347395039158
19.000000000000	3.4226337851415
20.000000000000	3.3539685318347
21.000000000000	2.1894120591426
22.000000000000	-0.39484049303233
23.000000000000	-5.4639764258250
24.000000000000	-14.856730180969
25.000000000000	-6.8810204294190
26.000000000000	-2.0226926496511
27.000000000000	0.11396056050737
28.000000000000	0.74390605457458
29.000000000000	0.22479014426596
30.000000000000	-1.3804945890653
31.000000000000	-4.0686970932518
32.000000000000	-6.6584533222710
33.000000000000	-5.1598600544490
34.000000000000	-1.6479752107202
35.000000000000	1.1391336690104
36.000000000000	3.0473611089803
37.000000000000	4.2057503478337
38.000000000000	4.6688737629005
39.000000000000	4.4066727438516
40.000000000000	3.2897620345525
41.000000000000	1.0112571141112
42.000000000000	-3.1496319435676
43.000000000000	-9.2792118680549
44.000000000000	-5.2041934335587
45.000000000000	-0.40752016619442
46.000000000000	2.0796262685860
47.000000000000	3.1271305945019
48.000000000000	3.0974417167935
49.000000000000	2.1611867650988
50.000000000000	0.56085590888630
51.000000000000	-0.92431894587443
52.000000000000	-1.0236589994929
53.000000000000	-0.0010229811643946
54.000000000000	0.83478557149455
55.000000000000	0.83320595920944
56.000000000000	-0.30420947553487
57.000000000000	-2.9750317415350
58.000000000000	-7.4479679436340
59.000000000000	-7.3798084166926
60.000000000000	-2.5131091002348
61.000000000000	0.62036419266113
62.000000000000	2.3062572556636
63.000000000000	3.0253441465319
64.000000000000	3.1020125057549
65.000000000000	2.8404570770282
66.000000000000	2.6218563940943
67.000000000000	2.9102535201512
68.000000000000	3.9696447378801
69.000000000000	5.5399337793288
70.000000000000	7.1201907149013
71.000000000000	8.3614900731197
72.000000000000	9.1084686464243
73.000000000000	9.3143123985297
74.000000000000	8.9868830906207
75.000000000000	8.1774102708036
76.000000000000	6.9826971723898
77.000000000000	5.5632569191493
78.000000000000	4.1623282375352
79.000000000000	3.1242900049337
80.000000000000	2.8828591729624
81.000000000000	3.7788827251611
82.000000000000	5.7431016633418
83.000000000000	8.3188534934472
84.000000000000	11.012590513097
85.000000000000	13.496147572396
86.000000000000	15.601017801749
87.000000000000	17.254972117071
88.000000000000	18.432977157776
89.000000000000	19.129468144658
90.000000000000	19.345093952115
91.000000000000	19.080838324358
92.000000000000	18.336874176612
93.000000000000	17.114587156572
94.000000000000	15.423671812223
95.000000000000	13.297129878209
96.000000000000	10.820848414500
97.000000000000	8.1814550794436
98.000000000000	5.7174905148494
99.000000000000	3.8983477597373
100.00000000000	3.1104930514482
101.00000000000	3.3621222991751
102.00000000000	4.3268199950560
103.00000000000	5.6316189000652
104.00000000000	6.9757477755176
105.00000000000	8.1260107887704
106.00000000000	8.9154832712895
107.00000000000	9.2406241445382
108.00000000000	9.0492328042397
109.00000000000	8.3389448172566
110.00000000000	7.1661418567768
111.00000000000	5.6877122877128
112.00000000000	4.2116613069015
113.00000000000	3.1402541327358
114.00000000000	2.7001581021233
115.00000000000	2.7370939474691
116.00000000000	2.8761613190497
117.00000000000	2.7344208519610
118.00000000000	1.9725883502987
119.00000000000	0.23760135495598
120.00000000000	-2.9292480886146
121.00000000000	-7.1985839062992
122.00000000000	-5.9234639206683
123.00000000000	-1.8684996677594
124.00000000000	0.57277314984170
125.00000000000	1.6389288468298
126.00000000000	1.6356950387953
127.00000000000	0.77965085158389
128.00000000000	-0.45467133824508
129.00000000000	-0.85582745888625
130.00000000000	0.31552685930321
131.00000000000	1.9173355311002
132.00000000000	2.9563391918871
133.00000000000	3.1067608403874
134.00000000000	2.1913232572714
135.00000000000	-0.13321731072810
136.00000000000	-4.7608459297662
137.00000000000	-10.273856206701
138.00000000000	-3.9508591330180
139.00000000000	0.60068532728489
140.00000000000	3.0573050981331
141.00000000000	4.2762425981970
142.00000000000	4.6051330921736
143.00000000000	4.1895254606016
144.00000000000	3.0689558765084
145.00000000000	1.1961802783492
146.00000000000	-1.5612891957848
147.00000000000	-5.1453796277357
148.00000000000	-7.0627990985272
149.00000000000	-4.5365517863497
150.00000000000	-1.6854643158381
151.00000000000	0.073984643693882
152.00000000000	0.74708292798608
153.00000000000	0.30399801729170
154.00000000000	-1.5417883923075
155.00000000000	-5.7316747231723
156.00000000000	-13.716875460685
157.00000000000	-6.5178734221592
158.00000000000	-0.97990780899762
159.00000000000	1.8558732951143
160.00000000000	3.1951232554379
161.00000000000	3.4164918636250
162.00000000000	2.5925725646025
163.00000000000	0.56306063980293
164.00000000000	-3.2641670385782
165.00000000000	-11.045483048137
166.00000000000	-12.778751140414
167.00000000000	-5.1939011007631
168.00000000000	-1.9926246578261
169.00000000000	-0.66674305127773
170.00000000000	-0.50756237645851
171.00000000000	-1.2632996078703
172.00000000000	-2.8494734963900
173.00000000000	-5.2374353306863
174.00000000000	-8.1805473511692
175.00000000000	-10.196650591052
176.00000000000	-9.3175846457921
177.00000000000	-7.2230195558614
178.00000000000	-5.4585907792285
179.00000000000	-4.2465497173277
180.00000000000	-3.5383923498050
