#Parameters = {Cylinder_radius=210; Pe=30; Wp=7.5; Ws=300; a=22.86; a1=47; b=10.16; b1=37; copper=0.0035; distance=230.7655; focal=210; h=0.762; lam=20; radius=0; t=0.2}
#"Theta / deg"	"Directivity,Phi=90"
#----------------------------------
-180.00000000000	-6.1295858991208
-179.00000000000	-5.2606772793797
-178.00000000000	-4.3550453277478
-177.00000000000	-3.5585864521817
-176.00000000000	-2.9254742437413
-175.00000000000	-2.4898700456261
-174.00000000000	-2.2983975694283
-173.00000000000	-2.3923858986355
-172.00000000000	-2.7537956392464
-171.00000000000	-3.2220879408824
-170.00000000000	-3.4504507641338
-169.00000000000	-3.1426811656488
-168.00000000000	-2.4427257804271
-167.00000000000	-1.7859124104006
-166.00000000000	-1.5016178426509
-165.00000000000	-1.7166565170612
-164.00000000000	-2.3721676833188
-163.00000000000	-3.1691860520514
-162.00000000000	-3.5890122712215
-161.00000000000	-3.3784797361612
-160.00000000000	-2.9240081887516
-159.00000000000	-2.7476785845979
-158.00000000000	-3.1226818929029
-157.00000000000	-4.0774018974412
-156.00000000000	-5.3502245541883
-155.00000000000	-6.2677019793294
-154.00000000000	-6.2941103275220
-153.00000000000	-5.9224331479123
-152.00000000000	-5.9921504673202
-151.00000000000	-7.0471301519722
-150.00000000000	-9.5140113637603
-149.00000000000	-13.213956905169
-148.00000000000	-12.612844961675
-147.00000000000	-8.4563340093131
-146.00000000000	-5.6888475188843
-145.00000000000	-4.3253153329604
-144.00000000000	-4.0412705388295
-143.00000000000	-4.5723459916375
-142.00000000000	-5.5047667640709
-141.00000000000	-6.1352399318395
-140.00000000000	-6.0404576607686
-139.00000000000	-5.7144928037183
-138.00000000000	-5.8177968044285
-137.00000000000	-6.5507522437939
-136.00000000000	-7.4522546163747
-135.00000000000	-7.3913341830725
-134.00000000000	-6.2077426398200
-133.00000000000	-5.0773180519599
-132.00000000000	-4.7501619293512
-131.00000000000	-5.4452835150874
-130.00000000000	-7.0307656716168
-129.00000000000	-8.3649067885195
-128.00000000000	-7.5903844483545
-127.00000000000	-5.8843679752388
-126.00000000000	-4.9666519379942
-125.00000000000	-5.3014667360014
-124.00000000000	-6.9245102175405
-123.00000000000	-8.9449079370054
-122.00000000000	-8.3103472034641
-121.00000000000	-5.8205735201170
-120.00000000000	-4.1609656263901
-119.00000000000	-3.8088488079484
-118.00000000000	-4.6964368469333
-117.00000000000	-6.3829490549518
-116.00000000000	-7.1406341273777
-115.00000000000	-5.7836746584357
-114.00000000000	-4.2599673218526
-113.00000000000	-3.7944528327445
-112.00000000000	-4.6689106686272
-111.00000000000	-7.0258480078392
-110.00000000000	-10.502631295532
-109.00000000000	-11.644189241627
-108.00000000000	-9.8169673428898
-107.00000000000	-9.0375961992639
-106.00000000000	-9.9968308782686
-105.00000000000	-11.638670149661
-104.00000000000	-10.772373076059
-103.00000000000	-8.4057229736960
-102.00000000000	-7.1778395666200
-101.00000000000	-7.4727954436954
-100.00000000000	-8.5660290607408
-99.000000000000	-7.8445166292340
-98.000000000000	-5.0710330222527
-97.000000000000	-2.7938450958901
-96.000000000000	-1.7294672932543
-95.000000000000	-1.9101245770902
-94.000000000000	-3.3741357187018
-93.000000000000	-6.2789679990499
-92.000000000000	-10.798996168822
-91.000000000000	-15.807867887164
-90.000000000000	-17.460192418866
-89.000000000000	-15.846067861170
-88.000000000000	-10.915096616532
-87.000000000000	-6.3696060990149
-86.000000000000	-3.4219226051315
-85.000000000000	-1.9154256523880
-84.000000000000	-1.6914493310779
-83.000000000000	-2.7079783146362
-82.000000000000	-4.9351714953237
-81.000000000000	-7.7114556401038
-80.000000000000	-8.5652933683439
-79.000000000000	-7.5328150744054
-78.000000000000	-7.2376949368490
-77.000000000000	-8.4868561385975
-76.000000000000	-10.964089872574
-75.000000000000	-11.899470748791
-74.000000000000	-10.078501516742
-73.000000000000	-8.9574341734363
-72.000000000000	-9.6015783716531
-71.000000000000	-11.402805494111
-70.000000000000	-10.574617781880
-69.000000000000	-7.1729739767320
-68.000000000000	-4.7567992114842
-67.000000000000	-3.8057007919394
-66.000000000000	-4.1771763190463
-65.000000000000	-5.5733031181769
-64.000000000000	-6.8306367801464
-63.000000000000	-6.1494348013114
-62.000000000000	-4.5439607449170
-61.000000000000	-3.6633693845164
-60.000000000000	-3.9778248763393
-59.000000000000	-5.5767006772891
-58.000000000000	-8.0604922665017
-57.000000000000	-8.8979701122576
-56.000000000000	-6.9316799641345
-55.000000000000	-5.2015499448436
-54.000000000000	-4.7119447396966
-53.000000000000	-5.4293061113736
-52.000000000000	-6.9305825113620
-51.000000000000	-7.7869124710213
-50.000000000000	-6.7721263029336
-49.000000000000	-5.3019460369605
-48.000000000000	-4.5715234254301
-47.000000000000	-4.7907778458722
-46.000000000000	-5.7636613034499
-45.000000000000	-6.8025970410809
-44.000000000000	-6.8665841254553
-43.000000000000	-6.0442905595980
-42.000000000000	-5.3391539057977
-41.000000000000	-5.2267033711846
-40.000000000000	-5.5696020940556
-39.000000000000	-5.7585517320371
-38.000000000000	-5.2215999034793
-37.000000000000	-4.2677922933136
-36.000000000000	-3.6104981301108
-35.000000000000	-3.6887872303486
-34.000000000000	-4.7420855582549
-33.000000000000	-7.0032377110416
-32.000000000000	-10.519115951099
-31.000000000000	-12.523389293106
-30.000000000000	-9.8500196451440
-29.000000000000	-7.2582934971879
-28.000000000000	-5.9495684935796
-27.000000000000	-5.6267937193085
-26.000000000000	-5.8138268708594
-25.000000000000	-5.8114587254213
-24.000000000000	-5.1063759386690
-23.000000000000	-3.9990609941557
-22.000000000000	-3.0856678811766
-21.000000000000	-2.6663974089482
-20.000000000000	-2.7539515696006
-19.000000000000	-3.1259900700401
-18.000000000000	-3.3411119545607
-17.000000000000	-3.0345573455114
-16.000000000000	-2.3570958083081
-15.000000000000	-1.7532911258306
-14.000000000000	-1.5189661121102
-13.000000000000	-1.7251443674758
-12.000000000000	-2.2618570554088
-11.000000000000	-2.8507275153503
-10.000000000000	-3.1480616819028
-9.0000000000000	-3.0353538187528
-8.0000000000000	-2.7229203946787
-7.0000000000000	-2.4806282100749
-6.0000000000000	-2.4410963887528
-5.0000000000000	-2.6139514858450
-4.0000000000000	-2.9568179628729
-3.0000000000000	-3.4354734455872
-2.0000000000000	-4.0475065852132
-1.0000000000000	-4.7918607442585
0.0000000000000	-5.6013498234372
1.0000000000000	-6.2777542351468
2.0000000000000	-6.5529086882903
3.0000000000000	-6.3421768431084
4.0000000000000	-5.8749958640549
5.0000000000000	-5.4803366801146
6.0000000000000	-5.3943313272430
7.0000000000000	-5.7340332392730
8.0000000000000	-6.4596202479670
9.0000000000000	-7.1629919868667
10.000000000000	-6.9479397037011
11.000000000000	-5.5327099715249
12.000000000000	-3.8284722163152
13.000000000000	-2.5997343568816
14.000000000000	-2.1570325166339
15.000000000000	-2.6781150705309
16.000000000000	-4.4125745781013
17.000000000000	-7.6993585197857
18.000000000000	-10.628279485587
19.000000000000	-7.1890065389405
20.000000000000	-3.3149400875286
21.000000000000	-0.94546850782978
22.000000000000	0.28215352039725
23.000000000000	0.62819486574350
24.000000000000	0.21623769599428
25.000000000000	-0.93287189089026
26.000000000000	-2.9164253261861
27.000000000000	-6.0605529605744
28.000000000000	-11.292179228407
29.000000000000	-18.675074245634
30.000000000000	-12.566685992871
31.000000000000	-7.8899357955905
32.000000000000	-5.4565053202893
33.000000000000	-4.2225609627335
34.000000000000	-3.7045815062632
35.000000000000	-3.4742692837799
36.000000000000	-2.9942782049218
37.000000000000	-1.8851989256832
38.000000000000	-0.34004797130574
39.000000000000	1.1614075408401
40.000000000000	2.2876436632004
41.000000000000	2.8866069643457
42.000000000000	2.8878429230258
43.000000000000	2.2425007152152
44.000000000000	0.89678471529106
45.000000000000	-1.2086228033912
46.000000000000	-4.0877095755618
47.000000000000	-7.5062490862522
48.000000000000	-10.696601382850
49.000000000000	-13.341992437939
50.000000000000	-16.700677571587
51.000000000000	-16.805621906937
52.000000000000	-10.929460268699
53.000000000000	-6.6078448391771
54.000000000000	-3.8418419273361
55.000000000000	-2.0352732690846
56.000000000000	-0.75926483435495
57.000000000000	0.29212779377239
58.000000000000	1.2614305701797
59.000000000000	2.1093660776798
60.000000000000	2.7026329009985
61.000000000000	2.9011241291053
62.000000000000	2.5805968476502
63.000000000000	1.5916683449959
64.000000000000	-0.32780156626017
65.000000000000	-3.7883770953104
66.000000000000	-10.106164742932
67.000000000000	-8.9766960562113
68.000000000000	-2.3358169867682
69.000000000000	1.5185006629695
70.000000000000	3.8698389735464
71.000000000000	5.2630546643321
72.000000000000	5.9407223918103
73.000000000000	6.0489921308985
74.000000000000	5.7396687650545
75.000000000000	5.2526996780373
76.000000000000	4.9547419679582
77.000000000000	5.1597750586652
78.000000000000	5.8274089364614
79.000000000000	6.6439922870180
80.000000000000	7.3440101261235
81.000000000000	7.8185594276130
82.000000000000	8.0826809397217
83.000000000000	8.2424785445391
84.000000000000	8.4653922717626
85.000000000000	8.8999283835755
86.000000000000	9.5626962578907
87.000000000000	10.320117709529
88.000000000000	10.991825908049
89.000000000000	11.439674515960
90.000000000000	11.589480388180
91.000000000000	11.420643772341
92.000000000000	10.958879377222
93.000000000000	10.281386385956
94.000000000000	9.5226791485567
95.000000000000	8.8479021704528
96.000000000000	8.3693989521443
97.000000000000	8.0612468991148
98.000000000000	7.7823675065745
99.000000000000	7.3749345784733
100.00000000000	6.7359664346165
101.00000000000	5.8545846520715
102.00000000000	4.8717235979190
103.00000000000	4.1455313998814
104.00000000000	4.0762525411296
105.00000000000	4.6191118094507
106.00000000000	5.3043738446781
107.00000000000	5.7133188962344
108.00000000000	5.6167722981328
109.00000000000	4.8713302316892
110.00000000000	3.3104208812004
111.00000000000	0.60093068554055
112.00000000000	-4.1864187899859
113.00000000000	-15.329444879481
114.00000000000	-9.1644057845473
115.00000000000	-2.6150190562795
116.00000000000	0.49649405889166
117.00000000000	2.1613800800941
118.00000000000	2.9441588379491
119.00000000000	3.0748407838762
120.00000000000	2.6823702045602
121.00000000000	1.8790761068588
122.00000000000	0.81130953606601
123.00000000000	-0.34749331502168
124.00000000000	-1.4925164090599
125.00000000000	-2.7166077052964
126.00000000000	-4.2773093923425
127.00000000000	-6.4172252643594
128.00000000000	-9.0519642913278
129.00000000000	-11.243290394652
130.00000000000	-12.105787170165
131.00000000000	-12.917711177226
132.00000000000	-14.223601670403
133.00000000000	-11.780611201013
134.00000000000	-6.7707805423653
135.00000000000	-2.8803336749937
136.00000000000	-0.23569706255702
137.00000000000	1.4301176320964
138.00000000000	2.3018397028014
139.00000000000	2.5009136194594
140.00000000000	2.1263232352166
141.00000000000	1.2985225312487
142.00000000000	0.20867020429836
143.00000000000	-0.85435895731585
144.00000000000	-1.6152139893389
145.00000000000	-2.0516453831610
146.00000000000	-2.4315395029913
147.00000000000	-3.1011480829645
148.00000000000	-4.3825332956168
149.00000000000	-6.6694682783756
150.00000000000	-10.711047487851
151.00000000000	-16.353567666710
152.00000000000	-11.643989274106
153.00000000000	-6.3037895201100
154.00000000000	-3.0084773602302
155.00000000000	-0.92009975548421
156.00000000000	0.30223439113611
157.00000000000	0.76498747063651
158.00000000000	0.45097669071579
159.00000000000	-0.76649520854558
160.00000000000	-3.1711456995044
161.00000000000	-7.2497274067588
162.00000000000	-11.255973093530
163.00000000000	-7.8947044069136
164.00000000000	-4.3453175579759
165.00000000000	-2.5334610996346
166.00000000000	-2.0044858711881
167.00000000000	-2.4956786284874
168.00000000000	-3.8575225292133
169.00000000000	-5.8287268453504
170.00000000000	-7.5616685117963
171.00000000000	-7.7571570606586
172.00000000000	-6.7433685958707
173.00000000000	-5.7429981645917
174.00000000000	-5.2253021216915
175.00000000000	-5.2155116342025
176.00000000000	-5.6067536179581
177.00000000000	-6.2012714533298
178.00000000000	-6.6771872538774
179.00000000000	-6.6824798478379
180.00000000000	-6.1295858991208
